C$
                                                                                                                     G
H
E0574   HUANCAYA CALLIRGOS ORLANDO              8,503.00     20/09/2021     02              E0574   HUANCAYA CALLIRGOS ORLANDO              8,503.00     20/09/2021     02

             D.N.I.   09961047  JEFE RRHH                           28/02/2022                         D.N.I.   09961047  JEFE RRHH                           28/02/2022

578811OHCNL1           PRIMA-AFP             10                      20                  578811OHCNL1           PRIMA-AFP             10                      20


 80.00                            96.00           64.00                                   80.00                            96.00           64.00                        

                                                                         176.00                                                                                    176.00


 2,834.33                                    3,401.20                    93.00            2,834.33                                    3,401.20                    93.00

                                                                                                                                                                        

                                                                                                                                                                       

                                                                                                                                                                       

                                                                        6,328.53                                                                                   6,328.53

              475.00                                                                                   475.00                                                          

                                                                        475.00                                                                                    475.00


 2,005.04                                                             2,005.04            2,005.04                                                             2,005.04
                                                                                                                                  
                                                           400.39     8,808.57                                                                      400.39     8,808.57


              862.08     150.00      15.52                                                             862.08     150.00      15.52                                    

              656.47              3,300.00                            4,949.83                         656.47              3,300.00                            4,949.83


   569.57      92.24      49.14                                         710.95              569.57      92.24      49.14                                         710.95

                                                                      3,824.50                                                                                 3,824.50
