C$
                                                                                                                     G
H
E0278   QUINTANILLA CABALLERO SARA MARIA        2,675.00     09/05/2006     10              E0278   QUINTANILLA CABALLERO SARA MARIA        2,675.00     09/05/2006     10

             D.N.I.   40587007  AUX/VTAS                            14/10/2013                         D.N.I.   40587007  AUX/VTAS                            14/10/2013

594910SQCNA0           PROFUTURO             14                                          594910SQCNA0           PROFUTURO             14                        


112.00                                                                                   112.00                                                                         

                                                                         112.00                                                                                    112.00


 1,248.33                                                                35.00            1,248.33                                                                35.00

                                                                                                                                                                        

                                                                                                                                                                       

                                                                                                                                                                       

                                                                      1,283.33                                                                                 1,283.33

                                                                                                                                                                       

                                                                                                                                                                        


                                                                                                                                                                       

                                                            91.67     1,283.33                                                                       91.67     1,283.33


              128.33      15.78      23.61     127.00                                                  128.33      15.78      23.61     127.00                         

               98.60                                                    393.32                          98.60                                                    393.32


   115.50      12.45       5.77                                         133.72              115.50      12.45       5.77                                         133.72

 1,381.00                  127.00   1,254.00                            890.01            1,381.00                  127.00   1,254.00                            890.01
