
Empresa     CIA. MINERA AGREGADOS CALCAREOS S.A.     Ruc   :  20100037689
Direccion   AV UNIVERSITARIA 6330             Telefono  : 425-1595
---------------------------------------------------------------------------------------------------------------------------------------------------------------------------------------------------
REPORTE DE REMUNERACION ACUMULADA  2016


 No  Codigo   Nombre                         Remun          Util     Inc.Afp    Gratif.    Ing.Total     AFP 3%      Rem.Qta         7UIT     Remun.   Impuesto   Impuesto  Diferencia     F.Cese
                                                                                                                                              Afecta    Calcul.   Retenido
---------------------------------------------------------------------------------------------------------------------------------------------------------------------------------------------------
  1 E0003    ARACA CARITA,URIEL EDMUNDO     169,419.77  10,591.80   1,718.71  29,394.76   211,125.04    -419.87   210,705.17    27,650.00 183,055.17  29,439.05  29,439.05               
  2 E0004    GUERRA GUTIERREZ,PEDRO ROBER   200,089.83  12,077.54   2,071.02  35,006.16   249,244.55    -505.89   248,738.66    27,650.00 221,088.66  40,849.10  40,849.10               
  3 E0005    SUAREZ MUCHA,TEOBALDO ALGEMI   100,872.90   6,980.17             17,528.36   125,381.43              125,381.43    27,650.00  97,731.43  13,059.34  13,059.34               
  4 E0013    ROQUE DE LA CRUZ,MANUEL JOSE   188,442.91  10,293.48             32,046.36   230,782.75              230,782.75    27,650.00 203,132.75  35,462.33  35,462.33               
  5 E0021    VERGARA ORMEÑO,CESAR AUGUSTO    60,596.94   4,815.69   1,530.92  10,456.20    77,399.75    -373.96    77,025.79    27,650.00  49,375.79   5,727.61   5,727.61               
  6 E0023    LIZARRAGA SEGURA,WALTER EZEQ    88,621.86   6,223.21             15,378.30   110,223.37              110,223.37    27,650.00  82,573.37  10,482.47  10,482.47               
  7 E0025    DAMIAN ROJAS DE ROSALE,TERES    51,692.54   4,046.75              9,179.54    64,918.83               64,918.83    27,650.00  37,268.83   4,032.64   4,032.64               
  8 E0033    SANCHEZ LLERENA,LIZANDRO BEN    54,743.11   4,522.29              9,419.60    68,685.00               68,685.00    27,650.00  41,035.00   4,559.90   4,559.90               
  9 E0035    PANDO SAMANIEGO,JOSE ABELARD   161,722.57  11,217.28   2,558.52  29,930.76   205,429.13    -625.05   204,804.08    27,650.00 177,154.08  27,728.32  27,728.32               
 10 E0039    AGUILAR CAMAN,TOMAS             56,055.51   4,492.11     827.96   9,731.74    71,107.32    -202.28    70,905.04    27,650.00  43,255.04   4,870.71   4,870.71               
 11 E0051    SONO ZURITA,TOMAS ANTONIO       47,501.36   4,158.69   2,621.42   8,377.32    62,658.79    -640.41    62,018.38    27,650.00  34,368.38   3,626.57   3,626.57               
 12 E0061    MONTES PORTALES,ALBERTO ANIC    47,565.97   4,079.11   1,304.75   8,569.53    61,519.36    -318.70    61,200.66    27,650.00  33,550.66   3,512.09   3,512.09               
 13 E0062    GUZMAN GONZALES,EDUARDO MART    90,080.93   5,766.18   1,137.08  15,887.84   112,872.03    -277.76   112,594.27    27,650.00  84,944.27  10,885.53  10,885.53               
 14 E0063    GONZALES VEGA,CESAR ORLANDO    194,778.33  11,490.94   2,159.06  32,951.48   241,379.81    -527.37   240,852.44    27,650.00 213,202.44  38,483.23  38,483.23               
 15 E0071    MORENO CHAVEZ,ZENOBIO DENNER   233,676.21  13,684.79   2,710.14  40,373.16   290,444.30    -662.09   289,782.21    27,650.00 262,132.21  53,162.16  53,162.16               
 16 E0074    NAVARRO MIRANDA,LUIS ANGEL      73,652.42   5,426.25   1,288.70  13,251.78    93,619.15    -314.86    93,304.29    27,650.00  65,654.29   8,006.60   8,006.60               
 17 E0075    ROJAS ESPINOZA,YRMA DONATILA    64,157.08   4,713.16     727.13  10,872.52    80,469.89    -177.60    80,292.29    27,650.00  52,642.29   6,184.92   6,184.92               
 18 E0077    AGAMA MORENO,JAVIER JORGE      171,839.22  10,369.24   1,475.56  29,099.30   212,783.32    -360.42   212,422.90    27,650.00 184,772.90  29,954.37  29,954.37               
 19 E0078    TRUJILLO JIMENEZ,ENRIQUE FER   109,232.05   7,265.97             18,580.38   135,078.40              135,078.40    27,650.00 107,428.40  14,707.83  14,707.83               
 20 E0096    PALACIOS CARO,LUIS MANUEL       76,457.35   5,430.74             13,106.59    94,994.68               94,994.68    27,650.00  67,344.68   8,243.26   8,243.26               
 21 E0103    CAZORLA FRANCO,ELBA             44,754.57   4,046.96              7,749.20    56,550.73               56,550.73    27,650.00  28,900.73   2,861.10   2,861.10               
 22 E0109    MENDEZ VASQUEZ,DORIS HERMELI    38,887.93   3,713.95     674.10   7,024.00    50,299.98    -164.64    50,135.34    27,650.00  22,485.34   1,962.95   1,962.95               
 23 E0112    ROMERO DIAZ,LILIANA             50,841.69   4,396.39     947.53   9,104.48    65,290.09    -231.42    65,058.67    27,650.00  37,408.67   4,052.21   4,052.21               
 24 E0117    RUIZ GUILLEN,HIPOLITO           30,318.48   3,248.55     706.86   5,471.92    39,745.81    -172.62    39,573.19    27,650.00  11,923.19     953.86     953.86               
 25 E0118    MONTORO ARRIOLA,MIGUEL OMAR     98,053.04   6,415.68             17,102.32   121,571.04              121,571.04    27,650.00  93,921.04  12,411.58  12,411.58               
 26 E0121    ESPINOSA CANCHARI,VICTOR RAU    58,186.90   4,673.33     883.20   9,746.42    73,489.85    -215.76    73,274.09    27,650.00  45,624.09   5,202.37   5,202.37               
 27 E0123    QUEIJA ESTEVES,LUIS ALEJANDR   334,729.25  18,762.59             59,353.00   412,844.84              412,844.84    27,650.00 385,194.84  90,080.95  90,080.95               
 28 E0124    CCANTO VILLAFANE,CARMEN ADRI    46,913.65   4,113.63              8,056.90    59,084.18               59,084.18    27,650.00  31,434.18   3,215.79   3,215.79               
 29 E0126    ECOS VASQUEZ,YRIS TERESA        45,627.21   4,006.49              8,158.62    57,792.32               57,792.32    27,650.00  30,142.32   3,034.92   3,034.92               
 30 E0131    VERA TORRES,HENRY MOISES       158,564.61   9,728.95             26,910.72   195,204.28              195,204.28    27,650.00 167,554.28  25,808.36  25,808.36               
 31 E0133    CUBAS CAMACHO,SERGIO CESAR      48,023.70   4,152.79              8,101.28    60,277.77               60,277.77    27,650.00  32,627.77   3,382.89   3,382.89               
 32 E0202    SAMPERTEGUI QUIROZ,ANGEL MAN     7,371.94                           873.42     8,245.36                8,245.36    27,650.00                           374.03      -374.03  31/01/2016
 33 E0203    MENDOZA SILVA,JOAQUIN ENRIQU    47,910.82   4,176.84              8,231.22    60,318.88               60,318.88    27,650.00  32,668.88   3,388.64   3,388.64               
 34 E0205    VARGAS MACHUCA SALDARRIAGA,M    34,894.68   3,457.74              6,214.28    44,566.70               44,566.70    27,650.00  16,916.70   1,353.34   1,353.34               
 35 E0209    CALDERON ROMERO,JESUS EDWIN     47,643.55   4,648.87              9,266.50    61,558.92               61,558.92    27,650.00  33,908.92   3,562.25   3,562.25               
 36 E0210    BRAVO VICENTE,KATHERINE MAYT    69,423.70   5,380.07             12,313.78    87,117.55               87,117.55    27,650.00  59,467.55   7,140.46   7,140.46               
 37 E0211    BELLIDO ZAMBRANO,YURI JAVIER   103,435.84   7,003.94             17,922.32   128,362.10              128,362.10    27,650.00 100,712.10  13,566.06  13,566.06               
 38 E0219    SANDOVAL SORIA,MARTHA YOLAND    33,552.48   3,517.50              5,971.12    43,041.10               43,041.10    27,650.00  15,391.10   1,231.29   1,231.29               
 39 E0221    MARTINEZ RAMOS,NINA EDITH       46,848.41   3,957.90              7,989.16    58,795.47               58,795.47    27,650.00  31,145.47   3,175.37   3,175.37               
 40 E0224    MUÑOZ OLORTEGUI,CARLOS ANTON    34,261.66   3,471.03              5,773.52    43,506.21               43,506.21    27,650.00  15,856.21   1,268.50   1,268.50               
 41 E0229    DIAZ RAMOS,CLAUDIA ISABEL       40,095.36   3,704.27              7,156.46    50,956.09               50,956.09    27,650.00  23,306.09   2,077.85   2,077.85               
 42 E0231    PIMENTEL ATOCHE,MARIA ELENA     57,453.42   4,460.46              9,816.24    71,730.12               71,730.12    27,650.00  44,080.12   4,986.22   4,986.22               
 43 E0233    RODRIGUEZ GOMEZ,ROSARIO LILI    35,278.09   3,632.03              6,328.30    45,238.42               45,238.42    27,650.00  17,588.42   1,407.07   1,407.07               
 44 E0234    SAUCEDO GARRIDO,GREGORIO        63,531.16   4,845.97             10,749.68    79,126.81               79,126.81    27,650.00  51,476.81   6,021.75   6,021.75               
 45 E0238    GONZALES CUBILLAS,MARIA JULI    39,319.08   3,954.61              7,133.12    50,406.81               50,406.81    27,650.00  22,756.81   2,000.95   2,000.95               

Empresa     CIA. MINERA AGREGADOS CALCAREOS S.A.     Ruc   :  20100037689
Direccion   AV UNIVERSITARIA 6330             Telefono  : 425-1595
---------------------------------------------------------------------------------------------------------------------------------------------------------------------------------------------------
REPORTE DE REMUNERACION ACUMULADA  2016


 No  Codigo   Nombre                         Remun          Util     Inc.Afp    Gratif.    Ing.Total     AFP 3%      Rem.Qta         7UIT     Remun.   Impuesto   Impuesto  Diferencia     F.Cese
                                                                                                                                              Afecta    Calcul.   Retenido
---------------------------------------------------------------------------------------------------------------------------------------------------------------------------------------------------
 46 E0240    HUAMANI QUILCA,REYNALDO         55,179.43   4,569.77              9,562.46    69,311.66               69,311.66    27,650.00  41,661.66   4,647.63   4,647.63               
 47 E0243    LOPEZ CARDENAS,JUAN ANTONIO     80,452.58   5,751.77             13,898.84   100,103.19              100,103.19    27,650.00  72,453.19   8,958.45   8,958.45               
 48 E0253    ARCE MIO,EVERALDO               59,937.49   5,074.33             11,332.56    76,344.38               76,344.38    27,650.00  48,694.38   5,632.21   5,632.21               
 49 E0255    VALDERA CAJUSOL,LUIS OMAR      159,436.27   9,927.76             27,564.64   196,928.67              196,928.67    27,650.00 169,278.67  26,153.23  26,153.23               
 50 E0257    ALTAMIRANO MONTES,NESTOR CES    30,112.59   3,157.17              5,134.60    38,404.36               38,404.36    27,650.00  10,754.36     860.35     860.35               
 51 E0258    LIZANO CUBA,HENRY               53,441.68   4,346.11              8,863.22    66,651.01               66,651.01    27,650.00  39,001.01   4,275.14   4,275.14               
 52 E0262    ROJAS RAMOS,MAGALY MISELY       58,462.50   6,557.32              8,730.90    73,750.72               73,750.72    27,650.00  46,100.72   5,269.10   8,292.99    -3,023.89  12/07/2016
 53 E0275    RODRIGUEZ CADILLO,JOSE ALBER    70,976.16   5,308.40             11,915.68    88,200.24               88,200.24    27,650.00  60,550.24   7,292.03   7,292.03               
 54 E0277    SAIRE CCORA,GABY ERIKA          82,293.41   5,903.27             13,983.82   102,180.50              102,180.50    27,650.00  74,530.50   9,249.27   9,249.27               
 55 E0285    PALOMINO BONELLI,GLADYS MIRT   115,134.09   7,509.05             20,271.96   142,915.10              142,915.10    27,650.00 115,265.10  16,040.07  16,040.07               
 56 E0289    COLLANQUE HUANCA,ANA CECILIA    49,395.33   4,349.90              8,894.60    62,639.83               62,639.83    27,650.00  34,989.83   3,713.58   3,713.58               
 57 E0291    ZEVALLOS MERMA,VICTOR ANTONI    66,991.83   5,652.20             12,221.74    84,865.77               84,865.77    27,650.00  57,215.77   6,825.21   6,825.21               
 58 E0298    HUALLPA HUAMANI,VIDAL           53,688.85   4,431.28              9,781.32    67,901.45               67,901.45    27,650.00  40,251.45   4,450.20   4,450.20               
 59 E0303    CARLIN VILLARREAL,VICTOR MAR   195,580.28  11,591.40             33,142.92   240,314.60              240,314.60    27,650.00 212,664.60  38,321.88  38,321.88               
 60 E0305    HERRERA ROMAN,PABLO CESAR       32,106.93   3,479.16              5,779.90    41,365.99               41,365.99    27,650.00  13,715.99   1,097.28   1,097.28               
 61 E0312    ROMERO PACHECO,MARCO ANTONIO    49,462.91   4,264.01              8,347.84    62,074.76               62,074.76    27,650.00  34,424.76   3,634.47   3,634.47               
 62 E0313    GARCIA BELAMADO,MARCOS WILLI    54,012.76   4,342.70              9,341.72    67,697.18               67,697.18    27,650.00  40,047.18   4,421.61   4,421.61               
 63 E0314    PAREJA CELI,JORGE MIGUEL        96,471.29   6,841.16             17,080.36   120,392.81              120,392.81    27,650.00  92,742.81  12,211.28  12,211.28               
 64 E0315    VENTURA HAYTA,JOHANA KAREN      22,660.69   3,073.26              4,879.60    30,613.55               30,613.55    27,650.00   2,963.55     237.08     522.99      -285.91  
 65 E0316    VICENTE QUISPE,JHON ERICK       87,937.42   6,152.20             14,945.26   109,034.88              109,034.88    27,650.00  81,384.88  10,280.43  10,280.43               
 66 E0319    CASAS RODRIGUEZ,BENJAMIN HEB    23,834.09   3,017.04              4,198.94    31,050.07               31,050.07    27,650.00   3,400.07     272.01     272.01               
 67 E0322    PRINCIPE MENA,RUSSBEL SANTOS   148,790.58   6,299.13             25,171.64   180,261.35              180,261.35    27,650.00 152,611.35  22,819.77  22,819.77               
 68 E0324    FLORES MALDONADO,ISABEL SUSA    39,207.83   3,734.95              6,703.50    49,646.28               49,646.28    27,650.00  21,996.28   1,894.48   1,894.48               
 69 E0326    CACERES ARIZA,CARLOS AUGUSTO    40,602.25   3,753.13              6,816.32    51,171.70               51,171.70    27,650.00  23,521.70   2,108.04   2,108.04               
 70 E0328    ELESCANO SAENZ,ALBERTO CARLO    42,829.58   3,999.13              7,651.80    54,480.51               54,480.51    27,650.00  26,830.51   2,571.27   2,571.27               
 71 E0332    GUZMAN VARELA,JESUS GERARDO     53,702.00   4,383.25     967.12   9,562.97    68,615.34    -236.32    68,379.02    27,650.00  40,729.02   4,517.06   4,517.06               
 72 E0342    SANDOVAL ALOR,FREDDY RODY       48,261.96   4,216.44              8,289.16    60,767.56               60,767.56    27,650.00  33,117.56   3,451.46   3,451.46               
 73 E0347    ESPINOZA MEDINA,ARMANDO SEBA    85,109.27   6,285.96             14,946.78   106,342.01              106,342.01    27,650.00  78,692.01   9,831.88   9,831.88               
 74 E0348    FRITSCHI ESCOBAR,JORGE LUIS    390,573.92  23,618.37             72,611.36   486,803.65              486,803.65    27,650.00 459,153.65 112,268.60 147,197.02   -34,928.42  
 75 E0350    ALARCON SANCHEZ,MARCO ANTONI    80,485.58  13,918.30              9,616.63   104,020.51              104,020.51    27,650.00  76,370.51   9,506.87  14,415.12    -4,908.25  31/03/2016
 76 E0352    SANTA CRUZ SANCHEZ,JESUS FIL    24,965.09   2,907.39              4,486.30    32,358.78               32,358.78    27,650.00   4,708.78     376.70     376.70               
 77 E0356    ROSALES FLORES,GINO SAUL        53,577.22   4,343.41              9,518.58    67,439.21               67,439.21    27,650.00  39,789.21   4,385.49   4,385.49               
 78 E0358    CORAHUA BARRIENTOS,CHRISTIAN    74,809.25   5,378.25             13,516.00    93,703.50               93,703.50    27,650.00  66,053.50   8,062.49   8,062.49               
 79 E0359    VALDEZ VEGA,ROBINSON JOE        59,983.34   4,670.82              9,934.74    74,588.90               74,588.90    27,650.00  46,938.90   5,386.45   5,386.45               
 80 E0363    ARTEAGA CABANA,JOSE ELIAS       41,541.91   3,894.48              7,196.89    52,633.28               52,633.28    27,650.00  24,983.28   2,312.66   2,312.66               
 81 E0373    FERNANDEZ AVILA,DANIEL RUFIN    32,395.65   3,344.75              5,456.92    41,197.32               41,197.32    27,650.00  13,547.32   1,083.79   1,083.79               
 82 E0374    INFANTES POMAR,ANGEL FEDERIC   195,313.70  11,680.43             33,169.92   240,164.05              240,164.05    27,650.00 212,514.05  38,276.72  38,276.72               
 83 E0377    PALOMINO QUIROZ,JUAN ARMANDO    50,308.08   3,999.05              8,527.68    62,834.81               62,834.81    27,650.00  35,184.81   3,740.87   3,740.87               
 84 E0385    ROBLES VEGA,OSCAR MARTIN        36,509.74   3,677.30              6,488.90    46,675.94               46,675.94    27,650.00  19,025.94   1,522.08   1,522.08               
 85 E0386    OTOYA PAREDES,CINDY PAULETTE    36,411.26   3,183.95              6,406.54    46,001.75               46,001.75    27,650.00  18,351.75   1,468.14   1,468.14               
 86 E0388    BALLEN ROSSELLO,JUAN JOSE      565,147.91  30,993.87             96,096.36   692,238.14              692,238.14    27,650.00 664,588.14 173,898.94 173,898.94               
 87 E0391    HUERTA CABRERA,MIJAIL VALENT    39,285.41   3,855.45              7,087.06    50,227.92               50,227.92    27,650.00  22,577.92   1,975.91   1,975.91               
 88 E0396    PARICAHUA RAMOS,FERMIN          47,951.24   4,073.28              8,087.80    60,112.32               60,112.32    27,650.00  32,462.32   3,359.72   3,359.72               
 89 E0398    QUINTANILLA CABALLERO,SARA M    36,055.16   3,663.60              6,405.61    46,124.37               46,124.37    27,650.00  18,474.37   1,477.95   1,477.95               
 90 E0402    CASTILLO ALCANTARA,SILVIA CR     4,963.04                           432.36     5,395.40                5,395.40    27,650.00                                                13/02/2016

Empresa     CIA. MINERA AGREGADOS CALCAREOS S.A.     Ruc   :  20100037689
Direccion   AV UNIVERSITARIA 6330             Telefono  : 425-1595
---------------------------------------------------------------------------------------------------------------------------------------------------------------------------------------------------
REPORTE DE REMUNERACION ACUMULADA  2016


 No  Codigo   Nombre                         Remun          Util     Inc.Afp    Gratif.    Ing.Total     AFP 3%      Rem.Qta         7UIT     Remun.   Impuesto   Impuesto  Diferencia     F.Cese
                                                                                                                                              Afecta    Calcul.   Retenido
---------------------------------------------------------------------------------------------------------------------------------------------------------------------------------------------------
 91 E0403    AVALOS ASILLO,OSCAR TITO        33,192.92   4,326.86              4,617.82    42,137.60               42,137.60    27,650.00  14,487.60   1,159.01   2,378.83    -1,219.82  30/06/2016
 92 E0404    VILLEGAS GOMEZ,EDEN VICENTE     44,664.58   4,012.59              7,651.80    56,328.97               56,328.97    27,650.00  28,678.97   2,830.06   2,830.06               
 93 E0406    RAMOS CHAVEZ,LINDA GIULIANA      6,766.65   2,687.39                763.00    10,217.04               10,217.04    27,650.00                                                31/03/2016
 94 E0409    DIAZ PAZ,ELIA LUCIA              3,437.50                           272.50     3,710.00                3,710.00    27,650.00                                                31/01/2016
 95 E0410    GARCIA DE LA CRUZ,FELIX MART    24,587.91   2,980.69              4,097.89    31,666.49               31,666.49    27,650.00   4,016.49     321.32     321.32               
 96 E0411    BARRANTES REY,JOSE GILBERTO      7,266.67                           781.17     8,047.84                8,047.84    27,650.00                            37.82       -37.82  29/02/2016
 97 E0412    MORENO ABAN,KELY KATHERINE      21,083.83   2,680.10              3,923.90    27,687.83               27,687.83    27,650.00      37.83       3.03       3.03               
 98 E0414    JIMENEZ CORONADO,VIOLETA AND    50,110.54   3,434.89              7,984.57    61,530.00               61,530.00    27,650.00  33,880.00   3,558.20   3,558.20               
 99 E0417    ORTIZ ALVAREZ,JHONATAN AMERI    39,071.19   3,469.35              6,758.00    49,298.54               49,298.54    27,650.00  21,648.54   1,845.80   1,845.80               
100 E0419    SONCCO LOZANO,ALBERT            21,475.00   3,201.98              3,202.50    27,879.48               27,879.48    27,650.00     229.48      18.36     848.37      -830.01  30/06/2016
101 E0423    VASQUEZ ARENAS,EDWIN NAUN       21,596.82   2,795.06              3,601.87    27,993.75               27,993.75    27,650.00     343.75      27.50                   27.50  23/12/2016
102 E0424    HERRERA VALVERDE,JULIO CESAR    14,000.00   2,579.07              1,948.19    18,527.26               18,527.26    27,650.00                           343.06      -343.06  31/05/2016
103 E0426    DIAZ TORO,ROSARIO ELENA         19,002.58   2,054.65              3,270.00    24,327.23               24,327.23    27,650.00                                                
104 E0428    CAPARO SOTELO,LENIN             24,269.25   1,871.76              4,360.00    30,501.01               30,501.01    27,650.00   2,851.01     228.08     228.08               
105 E0429    HERRERA ZAPATA,JULIO CESAR      28,285.91   1,630.25              5,450.00    35,366.16               35,366.16    27,650.00   7,716.16     617.29     617.29               
106 E0431    AYALA MARTINEZ,PEDRO BENJAMI    64,932.58   2,270.16             12,545.90    79,748.64               79,748.64    27,650.00  52,098.64   6,108.81   6,108.81               
107 E0432    ZAPATA RUIZ,CINTHYA MARIANEL    22,558.91   1,348.37              3,836.80    27,744.08               27,744.08    27,650.00      94.08       7.53                    7.53  31/12/2016
108 E0433    ROJAS MONTOYA,DAVID GREGORIO    43,661.05   1,504.99              7,630.00    52,796.04               52,796.04    27,650.00  25,146.04   2,335.45   2,335.45               
109 E0434    GOÑE CASIMIRO,YORDAN YONEL      49,276.24   1,522.67              8,561.36    59,360.27               59,360.27    27,650.00  31,710.27   3,254.44   3,254.44               
110 E0435    VILCAPOMA AIRE,ROLY             19,676.98   1,042.79              2,996.47    23,716.24               23,716.24    27,650.00                         1,343.62    -1,343.62  05/06/2016
111 E0436    BERNA BUJAICO,RICHAR            28,979.25     439.91              5,419.73    34,838.89               34,838.89    27,650.00   7,188.89     575.11     575.11               
112 E0437    JUNCHAYA REYES,CRISTEL BEATR     4,533.38     228.42                534.10     5,295.90                5,295.90    27,650.00                                                02/04/2016
113 E0438    CASTRO MONDALGO,SHERLEY PIER    11,933.33                         1,925.67    13,859.00               13,859.00    27,650.00                                                30/06/2016
114 E0439    SUAREZ CARDENAS,LISBETH            900.00                                        900.00                  900.00    27,650.00                                                15/03/2016
115 E0440    MONTENEGRO CACEDA,CYNTHIA ME    18,172.58                         3,259.10    21,431.68               21,431.68    27,650.00                                                
116 E0441    CORDOVA ESPINOZA,GONZALO JAV   115,082.91                        20,299.40   135,382.31              135,382.31    27,650.00 107,732.31  14,759.49  14,759.49               
117 E0442    LOPEZ RAMIREZ,ESTHEFANI LIZE    13,481.05                         2,092.80    15,573.85               15,573.85    27,650.00                                                30/09/2016
118 E0443    CASTRO INGAROCA,NESTOR SAUL     42,766.67                         9,192.33    51,959.00               51,959.00    27,650.00  24,309.00   2,218.26   2,613.09      -394.83  31/12/2016
119 E0444    ARROYO ROMERO,WILMER ANDRE       8,759.81                         1,323.70    10,083.51               10,083.51    27,650.00                                                16/09/2016
120 E0445    HERRERA UGARTE,MARIA MICAELA    10,982.58                         1,949.89    12,932.47               12,932.47    27,650.00                                                
121 E0446    GRADOS CARHUACUSMA,JOSE PABL     6,847.97                         1,050.03     7,898.00                7,898.00    27,650.00                                                24/09/2016
122 E0447    VERGARAY GONZALES,CHRISTIAN      2,436.85                           363.33     2,800.18                2,800.18    27,650.00                                                17/06/2016
123 E0448    BERTOLOTTI RIVERA,BRUNO JESU   114,802.58                       105,820.40   220,622.98              220,622.98    27,650.00 192,972.98  32,414.39  32,414.39               
124 E0449    VELAZCO QUEVEDO,GISELA PATRI    42,085.91                         7,430.98    49,516.89               49,516.89    27,650.00  21,866.89   1,876.36   1,876.36               
125 E0450    RAMIREZ CHUNGA,JULIO CESAR       6,202.58                         1,090.00     7,292.58                7,292.58    27,650.00                                                
126 E0451    SOLANO DIAZ,JAVIER MILTON       25,937.93                         4,318.54    30,256.47               30,256.47    27,650.00   2,606.47     208.52     208.52               
127 E0452    VIDAL GAMBINI,ROSSMERY LUCIL    21,521.31                         3,521.54    25,042.85               25,042.85    27,650.00                                                
128 E0453    HUILLCA MEJIA,JUDITH LIZETH     10,116.87                         1,671.33    11,788.20               11,788.20    27,650.00                                                
129 E0454    ESPINOZA JARA,JHORDAN            6,902.07                         1,152.90     8,054.97                8,054.97    27,650.00                                                
130 E0455    PANDURO RAMOS,CHRISTIAN JESU     6,708.33                         1,090.00     7,798.33                7,798.33    27,650.00                                                30/11/2016
131 E0456    COAQUIRA PARI,FREDY ALBERTO     13,735.91                         2,395.94    16,131.85               16,131.85    27,650.00                                                
132 E0457    CARDENAS ELIAS,HEYLIM HARUMI    10,122.58                         1,802.13    11,924.71               11,924.71    27,650.00                                                
133 E0458    BALBIN VILLANUEVA,WILSON         6,869.25                         1,195.97     8,065.22                8,065.22    27,650.00                                                
134 E0459    RODRIGUEZ MORILLAS,SERGIO AL    63,244.79                         1,568.39    64,813.18               64,813.18    27,650.00  37,163.18   4,017.85   4,017.85               
135 E0460    GALDOS REYES,GUILLERMO RAUL      5,943.77                         1,071.83     7,015.60                7,015.60    27,650.00                                                

Empresa     CIA. MINERA AGREGADOS CALCAREOS S.A.     Ruc   :  20100037689
Direccion   AV UNIVERSITARIA 6330             Telefono  : 425-1595
---------------------------------------------------------------------------------------------------------------------------------------------------------------------------------------------------
REPORTE DE REMUNERACION ACUMULADA  2016


 No  Codigo   Nombre                         Remun          Util     Inc.Afp    Gratif.    Ing.Total     AFP 3%      Rem.Qta         7UIT     Remun.   Impuesto   Impuesto  Diferencia     F.Cese
                                                                                                                                              Afecta    Calcul.   Retenido
---------------------------------------------------------------------------------------------------------------------------------------------------------------------------------------------------
136 E0461    SOLORZANO CACERES,CARLOS AUG     4,243.77                           763.00     5,006.77                5,006.77    27,650.00                                                
137 E0462    FERNANDEZ SOLANO,IVAN ISIDRO       266.67                                        266.67                  266.67    27,650.00                                                
                                          ---------------------------------------------------------------------------------------------------------------------------------------------------------
                                           8,745,967.44   592,371.83    26,309.78 1,592,271.13 10,956,920.18    -6,427.02 10,950,493.16  3,788,050.00  7,635,294.45  1,225,649.47 1,273,304.10    -47,654.63
