
Empresa     CIA. MINERA AGREGADOS CALCAREOS S.A.     Ruc   :  20100037689
Direccion   AV. UNIVERSITARIA NORTE NRO. 5140 URB. INDUSTRIAL INFANTAS              Telefono  : 425-1595
---------------------------------------------------------------------------------------------------------------------------------------------------------------------------------------------------
REPORTE DE REMUNERACION ACUMULADA  2021


 No  Codigo   Nombre                         Remun          Util     Inc.Afp    Gratif.    Ing.Total     AFP 3%      Rem.Qta         7UIT     Remun.   Impuesto   Impuesto  Diferencia     F.Cese
                                                                                                                                              Afecta    Calcul.   Retenido
---------------------------------------------------------------------------------------------------------------------------------------------------------------------------------------------------
  1 E0003    ARACA CARITA,URIEL EDMUNDO     110,240.37   7,213.50   1,084.28  14,705.92   133,244.07    -264.89   132,979.18    30,800.00 102,179.18  13,410.46  16,629.75    -3,219.29  
  2 E0033    SANCHEZ LLERENA,LIZANDRO BEN    38,957.10   3,118.35              4,718.52    46,793.97               46,793.97    30,800.00  15,993.97   1,279.52   2,657.73    -1,378.21  
  3 E0063    GONZALES VEGA,CESAR ORLANDO    139,792.77   7,535.17   1,489.00  16,484.28   165,301.22    -363.70   164,937.52    30,800.00 134,137.52  18,843.38  23,591.70    -4,748.32  
  4 E0071    MORENO CHAVEZ,ZENOBIO DENNER   170,605.44   9,957.17   1,895.20  20,195.12   202,652.93    -463.00   202,189.93    30,800.00 171,389.93  25,697.99  35,491.78    -9,793.79  
  5 E0074    NAVARRO MIRANDA,LUIS ANGEL      54,712.80   3,874.85     920.50   6,634.61    66,142.76    -224.90    65,917.86    30,800.00  35,117.86   3,596.50   5,473.51    -1,877.01  
  6 E0075    ROJAS ESPINOZA,YRMA DONATILA    44,850.06   3,249.78     491.30   5,436.26    54,027.40    -120.00    53,907.40    30,800.00  23,107.40   1,915.04   3,706.02    -1,790.98  
  7 E0077    AGAMA MORENO,JAVIER JORGE      122,681.07   8,035.23   1,015.30  14,558.19   146,289.79    -248.00   146,041.79    30,800.00 115,241.79  15,631.10  19,616.51    -3,985.41  
  8 E0096    PALACIOS CARO,LUIS MANUEL       37,989.27   2,930.33              4,600.92    45,520.52               45,520.52    30,800.00  14,720.52   1,177.64   2,470.94    -1,293.30  
  9 E0103    CAZORLA FRANCO,ELBA             27,000.00   2,647.95              3,270.00    32,917.95               32,917.95    30,800.00   2,117.95     169.44     916.25      -746.81  
 10 E0112    ROMERO DIAZ,LILIANA             37,472.83   2,899.61     674.18   4,440.60    45,487.22    -164.66    45,322.56    30,800.00  14,522.56   1,161.80   2,452.01    -1,290.21  
 11 E0124    CCANTO VILLAFANE,CARMEN ADRI    33,783.42   3,261.70              4,037.17    41,082.29               41,082.29    30,800.00  10,282.29     822.58   1,810.56      -987.98  
 12 E0133    CUBAS CAMACHO,SERGIO CESAR      38,900.92   2,821.05              4,604.36    46,326.33               46,326.33    30,800.00  15,526.33   1,242.11   2,585.22    -1,343.11  
 13 E0203    MENDOZA SILVA,JOAQUIN ENRIQU    30,544.20   2,962.05              4,223.92    37,730.17               37,730.17    30,800.00   6,930.17     554.41   1,826.51    -1,272.10  
 14 E0205    VARGAS MACHUCA SALDARRIAGA,M    25,725.01   2,344.13              3,115.86    31,185.00               31,185.00    30,800.00     385.00      30.80     771.54      -740.74  
 15 E0210    BRAVO VICENTE,KATHERINE MAYT    52,377.21   4,684.04              6,182.76    63,244.01               63,244.01    30,800.00  32,444.01   3,222.16   5,064.48    -1,842.32  
 16 E0211    BELLIDO ZAMBRANO,YURI JAVIER    71,710.46   4,777.13             12,211.68    88,699.27               88,699.27    30,800.00  57,899.27   6,785.90   6,808.89       -22.99  07/09/2021
 17 E0221    MARTINEZ RAMOS,NINA EDITH       33,227.07   2,840.09              3,994.58    40,061.74               40,061.74    30,800.00   9,261.74     740.94   1,653.94      -913.00  
 18 E0231    PIMENTEL ATOCHE,MARIA ELENA     45,097.74   4,298.31              5,352.84    54,748.89               54,748.89    30,800.00  23,948.89   2,032.84   3,815.55    -1,782.71  
 19 E0234    SAUCEDO GARRIDO,GREGORIO        45,836.82   3,166.03              5,496.85    54,499.70               54,499.70    30,800.00  23,699.70   1,997.96   3,790.74    -1,792.78  
 20 E0238    GONZALES CUBILLAS,MARIA JULI    29,414.39   3,276.16              3,575.28    36,265.83               36,265.83    30,800.00   5,465.83     437.27   1,198.59      -761.32  
 21 E0243    LOPEZ CARDENAS,JUAN ANTONIO     58,662.00   3,983.30              6,957.96    69,603.26               69,603.26    30,800.00  38,803.26   4,112.46   6,007.52    -1,895.06  
 22 E0253    ARCE MIO,EVERALDO               46,124.28   3,592.65              5,586.16    55,303.09               55,303.09    30,800.00  24,503.09   2,110.43   3,909.47    -1,799.04  
 23 E0255    VALDERA CAJUSOL,LUIS OMAR      116,197.56   6,508.38             13,782.32   136,488.26              136,488.26    30,800.00 105,688.26  14,007.00  17,603.61    -3,596.61  
 24 E0258    LIZANO CUBA,HENRY               36,663.30   3,586.18              4,440.33    44,689.81               44,689.81    30,800.00  13,889.81   1,111.18   2,343.39    -1,232.21  
 25 E0277    SAIRE CCORA,GABY ERIKA          63,086.46   4,801.30              7,091.19    74,978.95               74,978.95    30,800.00  44,178.95   4,865.05   6,817.83    -1,952.78  
 26 E0289    COLLANQUE HUANCA,ANA CECILIA    36,792.81   3,021.61              4,456.02    44,270.44               44,270.44    30,800.00  13,470.44   1,077.64   2,285.78    -1,208.14  
 27 E0291    ZEVALLOS MERMA,VICTOR ANTONI    52,478.13   3,799.11              6,119.41    62,396.65               62,396.65    30,800.00  31,596.65   3,103.53   4,940.88    -1,837.35  
 28 E0298    HUALLPA HUAMANI,VIDAL           40,453.56   3,194.31              4,899.38    48,547.25               48,547.25    30,800.00  17,747.25   1,419.78   2,915.57    -1,495.79  
 29 E0303    CARLIN VILLARREAL,VICTOR MAR   140,234.58   8,838.51             16,580.00   165,653.09              165,653.09    30,800.00 134,853.09  18,965.03  23,736.43    -4,771.40  
 30 E0305    HERRERA ROMAN,PABLO CESAR       26,513.30   2,394.27              2,889.95    31,797.52               31,797.52    30,800.00     997.52      79.80     644.60      -564.80  
 31 E0312    ROMERO PACHECO,MARCO ANTONIO    43,650.00   3,171.63              5,017.25    51,838.88               51,838.88    30,800.00  21,038.88   1,683.11   3,384.65    -1,701.54  
 32 E0313    GARCIA BELAMADO,MARCOS WILLI    41,088.71   3,547.68              4,679.58    49,315.97               49,315.97    30,800.00  18,515.97   1,481.28   3,007.82    -1,526.54  
 33 E0314    PAREJA CELI,JORGE MIGUEL       101,997.64   6,561.54             11,208.75   119,767.93              119,767.93    30,800.00  88,967.93  11,164.55  14,436.51    -3,271.96  
 34 E0319    CASAS RODRIGUEZ,BENJAMIN HEB    17,857.08   2,107.07              2,108.19    22,072.34               22,072.34    30,800.00                                                
 35 E0322    PRINCIPE MENA,RUSSBEL SANTOS   107,531.99   7,229.92             12,594.36   127,356.27              127,356.27    30,800.00  96,556.27  12,454.57  15,824.09    -3,369.52  
 36 E0324    FLORES MALDONADO,ISABEL SUSA    27,675.00   2,639.07              3,351.75    33,665.82               33,665.82    30,800.00   2,865.82     229.27     979.35      -750.08  
 37 E0326    CACERES ARIZA,CARLOS AUGUSTO    33,293.37   2,628.87              3,843.00    39,765.24               39,765.24    30,800.00   8,965.24     717.22   1,603.42      -886.20  
 38 E0328    ELESCANO SAENZ,ALBERTO CARLO    13,818.40   2,502.93              3,834.62    20,155.95               20,155.95    30,800.00                           733.24      -733.24  
 39 E0332    GUZMAN VARELA,JESUS GERARDO     40,727.98   3,359.93     688.50   4,659.34    49,435.75    -168.24    49,267.51    30,800.00  18,467.51   1,477.40   3,009.11    -1,531.71  
 40 E0347    ESPINOZA MEDINA,ARMANDO SEBA    64,274.93   4,147.64              7,572.66    75,995.23               75,995.23    30,800.00  45,195.23   5,007.33   6,946.37    -1,939.04  
 41 E0348    FRITSCHI ESCOBAR,JORGE LUIS    308,162.00  20,300.47             36,314.22   364,776.69              364,776.69    30,800.00 333,976.69  71,813.01 125,247.86   -53,434.85  
 42 E0352    SANTA CRUZ SANCHEZ,JESUS FIL    18,013.59   1,969.64              2,251.87    22,235.10               22,235.10    30,800.00                            73.18       -73.18  
 43 E0356    ROSALES FLORES,GINO SAUL        43,544.88   3,370.73              5,273.77    52,189.38               52,189.38    30,800.00  21,389.38   1,711.15   3,451.70    -1,740.55  
 44 E0358    CORAHUA BARRIENTOS,CHRISTIAN    60,076.67   3,805.01              7,262.43    71,144.11               71,144.11    30,800.00  40,344.11   4,328.18   6,258.76    -1,930.58  
 45 E0363    ARTEAGA CABANA,JOSE ELIAS       32,523.18   3,601.93              3,933.29    40,058.40               40,058.40    30,800.00   9,258.40     740.67   1,678.68      -938.01  

Empresa     CIA. MINERA AGREGADOS CALCAREOS S.A.     Ruc   :  20100037689
Direccion   AV. UNIVERSITARIA NORTE NRO. 5140 URB. INDUSTRIAL INFANTAS              Telefono  : 425-1595
---------------------------------------------------------------------------------------------------------------------------------------------------------------------------------------------------
REPORTE DE REMUNERACION ACUMULADA  2021


 No  Codigo   Nombre                         Remun          Util     Inc.Afp    Gratif.    Ing.Total     AFP 3%      Rem.Qta         7UIT     Remun.   Impuesto   Impuesto  Diferencia     F.Cese
                                                                                                                                              Afecta    Calcul.   Retenido
---------------------------------------------------------------------------------------------------------------------------------------------------------------------------------------------------
 46 E0374    INFANTES POMAR,ANGEL FEDERIC   139,898.34   8,803.03             16,593.50   165,294.87              165,294.87    30,800.00 134,494.87  18,904.13  23,663.32    -4,759.19  
 47 E0377    PALOMINO QUIROZ,JUAN ARMANDO    41,446.68   3,795.85              4,812.29    50,054.82               50,054.82    30,800.00  19,254.82   1,540.39   3,124.42    -1,584.03  
 48 E0385    ROBLES VEGA,OSCAR MARTIN        32,117.04   2,789.59              3,756.06    38,662.69               38,662.69    30,800.00   7,862.69     629.02   1,452.80      -823.78  
 49 E0386    OTOYA PAREDES,CINDY PAULETTE    30,252.75   3,227.24              3,523.52    37,003.51               37,003.51    30,800.00   6,203.51     496.28   1,220.37      -724.09  
 50 E0388    BALLEN ROSSELLO,JUAN JOSE      406,512.00  23,665.56             48,056.72   478,234.28              478,234.28    30,800.00 447,434.28 105,850.28 122,463.80   -16,613.52  
 51 E0396    PARICAHUA RAMOS,FERMIN          37,422.00   2,961.06              4,368.72    44,751.78               44,751.78    30,800.00  13,951.78   1,116.14   2,347.06    -1,230.92  
 52 E0398    QUINTANILLA CABALLERO,SARA M    28,486.19   2,534.35              3,229.42    34,249.96               34,249.96    30,800.00   3,449.96     276.00     940.79      -664.79  
 53 E0412    MORENO ABAN,KELY KATHERINE      22,917.77   2,807.24              2,718.53    28,443.54               28,443.54    30,800.00                           541.16      -541.16  
 54 E0414    JIMENEZ CORONADO,VIOLETA AND    45,790.03   4,428.14              5,724.55    55,942.72               55,942.72    30,800.00  25,142.72   2,199.98   4,009.28    -1,809.30  
 55 E0417    ORTIZ ALVARES,JHONATAN AMERI    29,900.00   2,413.87              3,309.25    35,623.12               35,623.12    30,800.00   4,823.12     385.85   1,134.22      -748.37  
 56 E0426    DIAZ TORO,ROSARIO ELENA         20,000.00   2,495.44              2,180.00    24,675.44               24,675.44    30,800.00                           164.43      -164.43  
 57 E0448    BERTOLOTTI RIVERA,BRUNO JESU   162,000.00  10,001.25             19,215.00   191,216.25              191,216.25    30,800.00 160,416.25  23,503.25  35,533.42   -12,030.17  
 58 E0450    RAMIREZ CHUNGA,JULIO CESAR       9,207.00   2,224.61              1,115.07    12,546.68               12,546.68    30,800.00                                                
 59 E0456    COAQUIRA PARI,FREDY ALBERTO     44,100.00   3,825.26              5,230.75    53,156.01               53,156.01    30,800.00  22,356.01   1,809.84   3,584.01    -1,774.17  
 60 E0458    BALBIN VILLANUEVA,WILSON        25,650.00   2,552.17              3,106.50    31,308.67               31,308.67    30,800.00     508.67      40.69     780.96      -740.27  
 61 E0482    LAURA PAREDES,BILLY JOHN        26,739.57   3,117.48              3,262.37    33,119.42               33,119.42    30,800.00   2,319.42     185.55     984.73      -799.18  
 62 E0483    LOPEZ DAMIAN,FIORELLA JAQUEL   124,641.90   6,916.83             15,380.01   146,938.74              146,938.74    30,800.00 116,138.74  15,783.59  20,034.82    -4,251.23  
 63 E0485    TELLO PASACHE,KERLY CAROLINA    32,950.00   3,300.36              3,736.25    39,986.61               39,986.61    30,800.00   9,186.61     734.93   1,498.04      -763.11  
 64 E0486    ALVITES VALENCIA,ALFONSO CAR    30,300.00   2,469.69              3,488.00    36,257.69               36,257.69    30,800.00   5,457.69     436.62   1,225.36      -788.74  
 65 E0490    RIVEROS HUANAY,HIMMY WILLIAM    26,993.51   2,611.77              3,202.50    32,807.78               32,807.78    30,800.00   2,007.78     160.62     904.91      -744.29  
 66 E0491    ESPINOZA ANCALLE,OBER YONY     216,900.00  12,977.73             25,620.00   255,497.73              255,497.73    30,800.00 224,697.73  39,029.32  52,277.32   -13,248.00  
 67 E0494    AROTINCO TAIPE,GLORIA STEFAN    16,779.55   2,479.50              1,962.00    21,221.05               21,221.05    30,800.00                                                
 68 E0504    CACERES ZEVALLOS,DIEGO ALONS   144,450.00   8,723.88             17,080.00   170,253.88              170,253.88    30,800.00 139,453.88  19,747.16  25,357.16    -5,610.00  
 69 E0505    PEJE MATOS,JOHN FRANCO          16,499.10   2,572.34              1,962.00    21,033.44               21,033.44    30,800.00                                                
 70 E0511    CRUZ LUCANO,JHON EDWARD         17,722.22   2,878.37              2,846.67    23,447.26               23,447.26    30,800.00                         1,164.17    -1,164.17  17/09/2018
 71 E0513    LOZANO LOZANO,ROY FERNANDO      44,216.72   3,872.36              5,129.92    53,219.00               53,219.00    30,800.00  22,419.00   1,818.66   3,667.18    -1,848.52  
 72 E0515    REQUE ESPARZA,MANUEL ENRIQUE    33,825.63   3,610.39              4,011.20    41,447.22               41,447.22    30,800.00  10,647.22     851.78   1,790.01      -938.23  
 73 E0516    PACHAS CARDENAS,JONATHAN OMA    22,500.00   3,014.38              2,668.75    28,183.13               28,183.13    30,800.00                           513.40      -513.40  
 74 E0523    NAUPARI ALVAREZ,ROSMERY         13,068.36   2,034.88              2,180.00    17,283.24               17,283.24    30,800.00                           116.66      -116.66  02/02/2019
 75 E0529    DULANTO BEJARANO,JOSE ANTONI    73,277.22   5,561.56             12,443.50    91,282.28               91,282.28    30,800.00  60,482.28   7,147.52   7,231.84       -84.32  30/09/2021
 76 E0537    CESPEDES CLAUDIO,MABEL MILAG     1,502.23                           222.84     1,725.07                1,725.07    30,800.00                                                17/09/2018
 77 E0540    RODRIGUEZ VALDERRAMA,LUIS ED   172,001.25  10,166.37             20,538.70   202,706.32              202,706.32    30,800.00 171,906.32  25,801.26  35,523.73    -9,722.47  
 78 E0541    HUERTA CABRERA,MIJAIL VALENT    27,638.94   3,475.56              3,638.99    34,753.49               34,753.49    30,800.00   3,953.49     316.28   2,397.67    -2,081.39  03/02/2020
 79 E0543    FELICES AGUILAR,LEYLA FLOR      16,199.40   1,486.57              1,962.00    19,647.97               19,647.97    30,800.00                                                
 80 E0545    ESTELLA ALARCON,DIEGO STEFAN    44,862.58   2,679.15              5,326.70    52,868.43               52,868.43    30,800.00  22,068.43   1,769.58   3,479.38    -1,709.80  
 81 E0546    SOVIA TORRES,MARLENE            27,195.57     926.63              2,717.54    30,839.74               30,839.74    30,800.00      39.74       3.18     613.50      -610.32  
 82 E0547    MESIA ALVARADO,JOSE JESUS       24,236.16   1,132.96              2,871.69    28,240.81               28,240.81    30,800.00                           742.46      -742.46  
 83 E0548    BURNEO MIRANDA,YSABEL YOVANA    90,900.00   2,273.87             10,675.00   103,848.87              103,848.87    30,800.00  73,048.87   8,906.84  11,683.81    -2,776.97  
 84 E0549    RODRIGUEZ SICCHA,EVILIN NEID    44,922.30     874.32              5,419.72    51,216.34               51,216.34    30,800.00  20,416.34   1,633.31   3,368.59    -1,735.28  
 85 E0550    HUAMAN AGUERO,JORGE ALEXANDE     7,602.77     613.59              1,197.79     9,414.15                9,414.15    30,800.00                            73.27       -73.27  27/03/2021
 86 E0551    GAMARRA ECHEVARRIA,HAROLD JU       744.44                            60.56       805.00                  805.00    30,800.00                                                05/01/2021
 87 E0552    ARIZAGA TORRES,JHONATAN JAVI    17,999.17     516.32              2,180.00    20,695.49               20,695.49    30,800.00                           162.12      -162.12  
 88 E0553    DELGADO FOPPIANI,ANDRE MOISE    61,959.22     847.55              7,569.36    70,376.13               70,376.13    30,800.00  39,576.13   4,220.66   6,168.09    -1,947.43  
 89 E0554    MERCADO GASPAR,ALAN RAUL         1,115.56                           339.11     1,454.67                1,454.67    30,800.00                                                18/01/2021
 90 E0555    BRAVO HUALPA,FABIOLA             4,433.33                           726.67     5,160.00                5,160.00    30,800.00                           192.40      -192.40  12/02/2021

Empresa     CIA. MINERA AGREGADOS CALCAREOS S.A.     Ruc   :  20100037689
Direccion   AV. UNIVERSITARIA NORTE NRO. 5140 URB. INDUSTRIAL INFANTAS              Telefono  : 425-1595
---------------------------------------------------------------------------------------------------------------------------------------------------------------------------------------------------
REPORTE DE REMUNERACION ACUMULADA  2021


 No  Codigo   Nombre                         Remun          Util     Inc.Afp    Gratif.    Ing.Total     AFP 3%      Rem.Qta         7UIT     Remun.   Impuesto   Impuesto  Diferencia     F.Cese
                                                                                                                                              Afecta    Calcul.   Retenido
---------------------------------------------------------------------------------------------------------------------------------------------------------------------------------------------------
 91 E0556    SAAVEDRA AYALA,ENRIQUE RAUL     22,259.30                         2,679.58    24,938.88               24,938.88    30,800.00                           262.75      -262.75  
 92 E0557    CASTILLO ANGELES,JAVIER ZACA     3,770.00                           436.00     4,206.00                4,206.00    30,800.00                                                31/03/2021
 93 E0558    VERDE RAMIREZ,ELIZABETH LIZ     26,421.62                         3,179.17    29,600.79               29,600.79    30,800.00                         1,069.31    -1,069.31  
 94 E0559    ESPINOZA PEREZ,ANTHONY YANPI     3,889.17                           472.33     4,361.50                4,361.50    30,800.00                                                05/04/2021
 95 E0560    CALDERON ZAVALETA,RANDY ROGE    13,757.48                         1,608.36    15,365.84               15,365.84    30,800.00                                                
 96 E0561    CANCHANYA PROCIL,ROBERTO        19,200.00                         2,180.00    21,380.00               21,380.00    30,800.00                            30.97       -30.97  
 97 E0562    HERRERA MONTOYA,ROSARIO SUSS    15,470.00                         2,594.20    18,064.20               18,064.20    30,800.00                                                30/09/2021
 98 E0563    GONZALES PAIRAZAMAN,ROBERTO     52,000.00                         8,720.00    60,720.00               60,720.00    30,800.00  29,920.00   2,868.80   4,670.12    -1,801.32  31/08/2021
 99 E0564    POMA RAMOS,WALDIR TAFFAREL      16,790.00                         1,796.68    18,586.68               18,586.68    30,800.00                                                
100 E0565    VARGAS MUÑOZ,DUMET ROLANDO       4,024.47                           552.27     4,576.74                4,576.74    30,800.00                                                04/06/2021
101 E0566    PUCHOC MILLAN,YEISON             1,583.33                                      1,583.33                1,583.33    30,800.00                                                13/04/2021
102 E0567    HUAMAN AGUERO,JORGE ALEXANDE     6,951.39                           908.33     7,859.72                7,859.72    30,800.00                            17.54       -17.54  17/07/2021
103 E0568    GONZALES VILLACORTA,DEBORAH     10,269.01                           612.82    10,881.83               10,881.83    30,800.00                                                
104 E0569    CHAMORRO CONGONA,JEAN PIERRE     6,198.63                           272.50     6,471.13                6,471.13    30,800.00                                                
105 E0570    GUZMAN LAZARO,RICHARD ENRIQU     6,025.33                                      6,025.33                6,025.33    30,800.00                                                
106 E0571    RAMOS MENDOZA,JHONY              3,086.00                                      3,086.00                3,086.00    30,800.00                                                
107 E0572    TRUJILLO GARCIA,YANETT           3,813.33                                      3,813.33                3,813.33    30,800.00                                                
108 E0573    MORAN RUIZ,ISABEL GUADALUPE      3,664.35                                      3,664.35                3,664.35    30,800.00                                                
109 E0574    HUANCAYA CALLIRGOS,ORLANDO       3,175.57                                      3,175.57                3,175.57    30,800.00                            50.16       -50.16  
                                          ---------------------------------------------------------------------------------------------------------------------------------------------------------
                                           5,444,585.83   370,215.38     8,258.26   657,919.48  6,480,978.95    -2,017.39  6,478,961.56  3,357,200.00  3,745,280.01    552,576.99   788,403.55   -235,826.56
