
Empresa     CIA. MINERA AGREGADOS CALCAREOS S.A.     Ruc   :  20100037689
Direccion   AV UNIVERSITARIA 6330             Telefono  : 425-1595
---------------------------------------------------------------------------------------------------------------------------------------------------------------------------------------------------
REPORTE DE REMUNERACION ACUMULADA  2016


 No  Codigo   Nombre                         Remun          Util     Inc.Afp    Gratif.    Ing.Total     AFP 3%      Rem.Qta         7UIT     Remun.   Impuesto   Impuesto  Diferencia     F.Cese
                                                                                                                                              Afecta    Calcul.   Retenido
---------------------------------------------------------------------------------------------------------------------------------------------------------------------------------------------------
  1 E0003    ARACA CARITA,URIEL EDMUNDO     154,994.07  10,591.80   1,598.24  29,394.76   196,578.87    -390.44   196,188.43    27,650.00 168,538.43  26,005.19  27,295.83    -1,290.64  
  2 E0004    GUERRA GUTIERREZ,PEDRO ROBER   182,949.06  12,077.54   1,924.83  35,006.16   231,957.59    -470.18   231,487.41    27,650.00 203,837.41  35,673.72  37,544.87    -1,871.15  
  3 E0005    SUAREZ MUCHA,TEOBALDO ALGEMI   100,396.66   6,980.17             17,528.36   124,905.19              124,905.19    27,650.00  97,255.19  12,978.38  13,024.90       -46.52  
  4 E0013    ROQUE DE LA CRUZ,MANUEL JOSE   172,730.00  10,293.48             32,046.36   215,069.84              215,069.84    27,650.00 187,419.84  30,748.45  32,889.93    -2,141.48  
  5 E0021    VERGARA ORMEÑO,CESAR AUGUSTO    55,443.55   4,815.69   1,425.34  10,456.20    72,140.78    -348.17    71,792.61    27,650.00  44,142.61   4,994.97   5,311.99      -317.02  
  6 E0023    LIZARRAGA SEGURA,WALTER EZEQ    81,079.11   6,223.21             15,378.30   102,680.62              102,680.62    27,650.00  75,030.62   9,319.29   9,706.16      -386.87  
  7 E0025    DAMIAN ROJAS DE ROSALE,TERES    47,138.80   4,046.75              9,179.54    60,365.09               60,365.09    27,650.00  32,715.09   3,395.11   3,726.43      -331.32  
  8 E0033    SANCHEZ LLERENA,LIZANDRO BEN    50,075.58   4,522.29              9,419.60    64,017.47               64,017.47    27,650.00  36,367.47   3,906.45   4,235.40      -328.95  
  9 E0035    PANDO SAMANIEGO,JOSE ABELARD   147,039.66  11,217.28   2,369.00  29,930.76   190,556.70    -578.75   189,977.95    27,650.00 162,327.95  24,763.09  25,562.03      -798.94  
 10 E0039    AGUILAR CAMAN,TOMAS             53,472.68   4,492.11     799.40   9,731.74    68,495.93    -195.30    68,300.63    27,650.00  40,650.63   4,506.09   4,200.67       305.42  
 11 E0051    SONO ZURITA,TOMAS ANTONIO       43,337.38   4,158.69   2,438.53   8,377.32    58,311.92    -595.73    57,716.19    27,650.00  30,066.19   3,024.27   3,360.33      -336.06  
 12 E0061    MONTES PORTALES,ALBERTO ANIC    43,352.77   4,079.11   1,213.03   8,569.53    57,214.44    -296.30    56,918.14    27,650.00  29,268.14   2,912.54   3,266.48      -353.94  
 13 E0062    GUZMAN GONZALES,EDUARDO MART    82,191.28   5,766.18   1,055.86  15,887.84   104,901.16    -257.92   104,643.24    27,650.00  76,993.24   9,594.05  10,032.31      -438.26  
 14 E0063    GONZALES VEGA,CESAR ORLANDO    178,632.10  11,490.94   2,010.16  32,951.48   225,084.68    -491.00   224,593.68    27,650.00 196,943.68  33,605.60  34,948.99    -1,343.39  
 15 E0071    MORENO CHAVEZ,ZENOBIO DENNER   213,939.21  13,684.79   2,520.62  40,373.16   270,517.78    -615.79   269,901.99    27,650.00 242,251.99  47,198.10  48,304.96    -1,106.86  
 16 E0074    NAVARRO MIRANDA,LUIS ANGEL      67,173.20   5,426.25   1,196.65  13,251.78    87,047.88    -292.37    86,755.51    27,650.00  59,105.51   7,089.77   7,484.71      -394.94  
 17 E0075    ROJAS ESPINOZA,YRMA DONATILA    58,803.41   4,713.16     678.00  10,872.52    75,067.09    -165.60    74,901.49    27,650.00  47,251.49   5,430.21   5,644.06      -213.85  
 18 E0077    AGAMA MORENO,JAVIER JORGE      157,505.92  10,369.24   1,374.03  29,099.30   198,348.49    -335.62   198,012.87    27,650.00 170,362.87  26,370.07  27,784.55    -1,414.48  
 19 E0078    TRUJILLO JIMENEZ,ENRIQUE FER   100,036.63   7,265.97             18,580.38   125,882.98              125,882.98    27,650.00  98,232.98  13,144.61  13,612.35      -467.74  
 20 E0096    PALACIOS CARO,LUIS MANUEL       70,456.67   5,430.74             13,106.59    88,994.00               88,994.00    27,650.00  61,344.00   7,403.16   6,949.75       453.41  
 21 E0103    CAZORLA FRANCO,ELBA             42,656.16   4,046.96              7,749.20    54,452.32               54,452.32    27,650.00  26,802.32   2,567.32   2,415.12       152.20  
 22 E0109    MENDEZ VASQUEZ,DORIS HERMELI    35,358.44   3,713.95     625.95   7,024.00    46,722.34    -152.88    46,569.46    27,650.00  18,919.46   1,513.56   1,817.65      -304.09  
 23 E0112    ROMERO DIAZ,LILIANA             46,268.58   4,396.39     879.85   9,104.48    60,649.30    -214.89    60,434.41    27,650.00  32,784.41   3,404.82   3,756.84      -352.02  
 24 E0117    RUIZ GUILLEN,HIPOLITO           27,524.79   3,248.55     656.37   5,471.92    36,901.63    -160.29    36,741.34    27,650.00   9,091.34     727.31     880.46      -153.15  
 25 E0118    MONTORO ARRIOLA,MIGUEL OMAR     89,573.00   6,415.68             17,102.32   113,091.00              113,091.00    27,650.00  85,441.00  10,969.97  11,455.22      -485.25  
 26 E0121    ESPINOSA CANCHARI,VICTOR RAU    53,269.03   4,673.33     822.29   9,746.42    68,511.07    -200.88    68,310.19    27,650.00  40,660.19   4,507.43   4,832.59      -325.16  
 27 E0123    QUEIJA ESTEVES,LUIS ALEJANDR   305,800.00  18,762.59             59,353.00   383,915.59              383,915.59    27,650.00 356,265.59  81,402.18  82,975.98    -1,573.80  
 28 E0124    CCANTO VILLAFANE,CARMEN ADRI    42,892.05   4,113.63              8,056.90    55,062.58               55,062.58    27,650.00  27,412.58   2,652.76   2,908.83      -256.07  
 29 E0126    ECOS VASQUEZ,YRIS TERESA        41,557.39   4,006.49              8,158.62    53,722.50               53,722.50    27,650.00  26,072.50   2,465.15   2,806.45      -341.30  
 30 E0131    VERA TORRES,HENRY MOISES       145,337.33   9,728.95             26,910.72   181,977.00              181,977.00    27,650.00 154,327.00  23,162.90  23,945.44      -782.54  
 31 E0133    CUBAS CAMACHO,SERGIO CESAR      43,981.07   4,152.79              8,101.28    56,235.14               56,235.14    27,650.00  28,585.14   2,816.92   3,158.79      -341.87  
 32 E0202    SAMPERTEGUI QUIROZ,ANGEL MAN     5,969.67                           873.42     6,843.09                6,843.09    27,650.00                           374.03      -374.03  31/01/2016
 33 E0203    MENDOZA SILVA,JOAQUIN ENRIQU    43,806.59   4,176.84              8,231.22    56,214.65               56,214.65    27,650.00  28,564.65   2,814.05   3,148.45      -334.40  
 34 E0205    VARGAS MACHUCA SALDARRIAGA,M    31,746.49   3,457.74              6,214.28    41,418.51               41,418.51    27,650.00  13,768.51   1,101.48   1,250.97      -149.49  
 35 E0209    CALDERON ROMERO,JESUS EDWIN     43,048.59   4,648.87              9,266.50    56,963.96               56,963.96    27,650.00  29,313.96   2,918.95   3,283.86      -364.91  
 36 E0210    BRAVO VICENTE,KATHERINE MAYT    63,368.05   5,380.07             12,313.78    81,061.90               81,061.90    27,650.00  53,411.90   6,292.67   6,622.83      -330.16  
 37 E0211    BELLIDO ZAMBRANO,YURI JAVIER    96,237.83   7,003.94             17,922.32   121,164.09              121,164.09    27,650.00  93,514.09  12,342.40  12,643.51      -301.11  
 38 E0219    SANDOVAL SORIA,MARTHA YOLAND    30,519.55   3,517.50              5,971.12    40,008.17               40,008.17    27,650.00  12,358.17     988.65   1,139.50      -150.85  
 39 E0221    MARTINEZ RAMOS,NINA EDITH       42,144.63   3,957.90              7,989.16    54,091.69               54,091.69    27,650.00  26,441.69   2,516.84   2,731.66      -214.82  
 40 E0224    MUÑOZ OLORTEGUI,CARLOS ANTON    31,322.40   3,471.03              5,773.52    40,566.95               40,566.95    27,650.00  12,916.95   1,033.36   1,106.07       -72.71  
 41 E0229    DIAZ RAMOS,CLAUDIA ISABEL       36,500.58   3,704.27              7,156.46    47,361.31               47,361.31    27,650.00  19,711.31   1,576.90   1,924.12      -347.22  
 42 E0231    PIMENTEL ATOCHE,MARIA ELENA     52,597.89   4,460.46              9,816.24    66,874.59               66,874.59    27,650.00  39,224.59   4,306.44   4,631.52      -325.08  
 43 E0233    RODRIGUEZ GOMEZ,ROSARIO LILI    31,931.79   3,632.03              6,328.30    41,892.12               41,892.12    27,650.00  14,242.12   1,139.37   1,288.29      -148.92  
 44 E0234    SAUCEDO GARRIDO,GREGORIO        60,139.76   4,845.97             10,749.68    75,735.41               75,735.41    27,650.00  48,085.41   5,546.96   5,570.45       -23.49  
 45 E0238    GONZALES CUBILLAS,MARIA JULI    37,371.39   3,954.61              7,133.12    48,459.12               48,459.12    27,650.00  20,809.12   1,728.28   1,743.55       -15.27  

Empresa     CIA. MINERA AGREGADOS CALCAREOS S.A.     Ruc   :  20100037689
Direccion   AV UNIVERSITARIA 6330             Telefono  : 425-1595
---------------------------------------------------------------------------------------------------------------------------------------------------------------------------------------------------
REPORTE DE REMUNERACION ACUMULADA  2016


 No  Codigo   Nombre                         Remun          Util     Inc.Afp    Gratif.    Ing.Total     AFP 3%      Rem.Qta         7UIT     Remun.   Impuesto   Impuesto  Diferencia     F.Cese
                                                                                                                                              Afecta    Calcul.   Retenido
---------------------------------------------------------------------------------------------------------------------------------------------------------------------------------------------------
 46 E0240    HUAMANI QUILCA,REYNALDO         50,444.18   4,569.77              9,562.46    64,576.41               64,576.41    27,650.00  36,926.41   3,984.70   4,250.97      -266.27  
 47 E0243    LOPEZ CARDENAS,JUAN ANTONIO     73,523.00   5,751.77             13,898.84    93,173.61               93,173.61    27,650.00  65,523.61   7,988.31   8,228.38      -240.07  
 48 E0253    ARCE MIO,EVERALDO               54,229.38   5,074.33             11,332.56    70,636.27               70,636.27    27,650.00  42,986.27   4,833.08   5,136.19      -303.11  
 49 E0255    VALDERA CAJUSOL,LUIS OMAR      145,892.49   9,927.76             27,564.64   183,384.89              183,384.89    27,650.00 155,734.89  23,444.48  24,163.09      -718.61  
 50 E0257    ALTAMIRANO MONTES,NESTOR CES    27,476.18   3,157.17              5,134.60    35,767.95               35,767.95    27,650.00   8,117.95     649.44     757.86      -108.42  
 51 E0258    LIZANO CUBA,HENRY               49,173.40   4,346.11              8,863.22    62,382.73               62,382.73    27,650.00  34,732.73   3,677.58   3,955.06      -277.48  
 52 E0262    ROJAS RAMOS,MAGALY MISELY       56,326.50   6,557.32              8,730.90    71,614.72               71,614.72    27,650.00  43,964.72   4,970.06   8,292.99    -3,322.93  12/07/2016
 53 E0275    RODRIGUEZ CADILLO,JOSE ALBER    64,990.37   5,308.40             11,915.68    82,214.45               82,214.45    27,650.00  54,564.45   6,454.02   6,762.07      -308.05  
 54 E0277    SAIRE CCORA,GABY ERIKA          78,597.60   5,903.27             13,983.82    98,484.69               98,484.69    27,650.00  70,834.69   8,731.86   8,762.42       -30.56  
 55 E0285    PALOMINO BONELLI,GLADYS MIRT   104,405.66   7,509.05             20,271.96   132,186.67              132,186.67    27,650.00 104,536.67  14,216.23  14,663.94      -447.71  
 56 E0289    COLLANQUE HUANCA,ANA CECILIA    44,976.66   4,349.90              8,894.60    58,221.16               58,221.16    27,650.00  30,571.16   3,094.96   3,458.61      -363.65  
 57 E0291    ZEVALLOS MERMA,VICTOR ANTONI    60,501.94   5,652.20             12,221.74    78,375.88               78,375.88    27,650.00  50,725.88   5,916.62   6,251.97      -335.35  
 58 E0298    HUALLPA HUAMANI,VIDAL           48,849.87   4,431.28              9,781.32    63,062.47               63,062.47    27,650.00  35,412.47   3,772.75   4,108.61      -335.86  
 59 E0303    CARLIN VILLARREAL,VICTOR MAR   179,336.63  11,591.40             33,142.92   224,070.95              224,070.95    27,650.00 196,420.95  33,448.79  35,601.13    -2,152.34  
 60 E0305    HERRERA ROMAN,PABLO CESAR       29,164.64   3,479.16              5,779.90    38,423.70               38,423.70    27,650.00  10,773.70     861.90   1,016.41      -154.51  
 61 E0312    ROMERO PACHECO,MARCO ANTONIO    45,220.00   4,264.01              8,347.84    57,831.85               57,831.85    27,650.00  30,181.85   3,040.46   3,376.58      -336.12  
 62 E0313    GARCIA BELAMADO,MARCOS WILLI    49,382.15   4,342.70              9,341.72    63,066.57               63,066.57    27,650.00  35,416.57   3,773.32   4,110.90      -337.58  
 63 E0314    PAREJA CELI,JORGE MIGUEL        88,001.87   6,841.16             17,080.36   111,923.39              111,923.39    27,650.00  84,273.39  10,771.48  11,257.13      -485.65  
 64 E0315    VENTURA HAYTA,JOHANA KAREN      22,383.50   3,073.26              4,879.60    30,336.36               30,336.36    27,650.00   2,686.36     214.91     522.99      -308.08  
 65 E0316    VICENTE QUISPE,JHON ERICK       84,001.44   6,152.20             14,945.26   105,098.90              105,098.90    27,650.00  77,448.90   9,657.85   8,953.40       704.45  
 66 E0319    CASAS RODRIGUEZ,BENJAMIN HEB    21,641.19   3,017.04              4,198.94    28,857.17               28,857.17    27,650.00   1,207.17      96.57     255.40      -158.83  
 67 E0322    PRINCIPE MENA,RUSSBEL SANTOS   136,405.00   6,299.13             25,171.64   167,875.77              167,875.77    27,650.00 140,225.77  20,342.65  21,094.44      -751.79  
 68 E0324    FLORES MALDONADO,ISABEL SUSA    35,362.50   3,734.95              6,703.50    45,800.95               45,800.95    27,650.00  18,150.95   1,452.08   1,585.67      -133.59  
 69 E0326    CACERES ARIZA,CARLOS AUGUSTO    37,100.59   3,753.13              6,816.32    47,670.04               47,670.04    27,650.00  20,020.04   1,617.81   1,962.82      -345.01  
 70 E0328    ELESCANO SAENZ,ALBERTO CARLO    39,000.00   3,999.13              7,651.80    50,650.93               50,650.93    27,650.00  23,000.93   2,035.13   2,381.40      -346.27  
 71 E0332    GUZMAN VARELA,JESUS GERARDO     48,941.04   4,383.25     898.04   9,562.97    63,785.30    -219.44    63,565.86    27,650.00  35,915.86   3,843.22   4,079.25      -236.03  
 72 E0342    SANDOVAL ALOR,FREDDY RODY       44,097.25   4,216.44              8,289.16    56,602.85               56,602.85    27,650.00  28,952.85   2,868.40   3,214.24      -345.84  
 73 E0347    ESPINOZA MEDINA,ARMANDO SEBA    77,672.50   6,285.96             14,946.78    98,905.24               98,905.24    27,650.00  71,255.24   8,790.73   9,078.83      -288.10  
 74 E0348    FRITSCHI ESCOBAR,JORGE LUIS    355,227.68  23,618.37             72,611.36   451,457.41              451,457.41    27,650.00 423,807.41 101,664.72 147,197.02   -45,532.30  
 75 E0350    ALARCON SANCHEZ,MARCO ANTONI    71,727.27  13,918.30              9,616.63    95,262.20               95,262.20    27,650.00  67,612.20   8,280.71  14,415.12    -6,134.41  31/03/2016
 76 E0352    SANTA CRUZ SANCHEZ,JESUS FIL    24,923.92   2,907.39              4,486.30    32,317.61               32,317.61    27,650.00   4,667.61     373.41     378.90        -5.49  
 77 E0356    ROSALES FLORES,GINO SAUL        48,862.78   4,343.41              9,518.58    62,724.77               62,724.77    27,650.00  35,074.77   3,725.47   3,992.33      -266.86  
 78 E0358    CORAHUA BARRIENTOS,CHRISTIAN    68,200.00   5,378.25             13,516.00    87,094.25               87,094.25    27,650.00  59,444.25   7,137.20   7,426.16      -288.96  
 79 E0359    VALDEZ VEGA,ROBINSON JOE        59,628.86   4,670.82              9,934.74    74,234.42               74,234.42    27,650.00  46,584.42   5,336.82   5,358.08       -21.26  
 80 E0363    ARTEAGA CABANA,JOSE ELIAS       37,918.46   3,894.48              7,196.89    49,009.83               49,009.83    27,650.00  21,359.83   1,805.38   2,147.24      -341.86  
 81 E0373    FERNANDEZ AVILA,DANIEL RUFIN    29,606.46   3,344.75              5,456.92    38,408.13               38,408.13    27,650.00  10,758.13     860.65     989.35      -128.70  
 82 E0374    INFANTES POMAR,ANGEL FEDERIC   179,056.99  11,680.43             33,169.92   223,907.34              223,907.34    27,650.00 196,257.34  33,399.70  34,743.69    -1,343.99  
 83 E0377    PALOMINO QUIROZ,JUAN ARMANDO    45,489.22   3,999.05              8,527.68    58,015.95               58,015.95    27,650.00  30,365.95   3,066.23   3,279.56      -213.33  
 84 E0385    ROBLES VEGA,OSCAR MARTIN        33,231.38   3,677.30              6,488.90    43,397.58               43,397.58    27,650.00  15,747.58   1,259.81   1,408.56      -148.75  
 85 E0386    OTOYA PAREDES,CINDY PAULETTE    33,107.94   3,183.95              6,406.54    42,698.43               42,698.43    27,650.00  15,048.43   1,203.87   1,354.01      -150.14  
 86 E0388    BALLEN ROSSELLO,JUAN JOSE      518,435.00  30,993.87             96,096.36   645,525.23              645,525.23    27,650.00 617,875.23 159,885.07 158,439.94     1,445.13  
 87 E0391    HUERTA CABRERA,MIJAIL VALENT    35,714.17   3,855.45              7,087.06    46,656.68               46,656.68    27,650.00  19,006.68   1,520.53   1,839.04      -318.51  
 88 E0396    PARICAHUA RAMOS,FERMIN          43,915.00   4,073.28              8,087.80    56,076.08               56,076.08    27,650.00  28,426.08   2,794.65   3,084.72      -290.07  
 89 E0398    QUINTANILLA CABALLERO,SARA M    32,799.32   3,663.60              6,405.61    42,868.53               42,868.53    27,650.00  15,218.53   1,217.48   1,367.84      -150.36  
 90 E0402    CASTILLO ALCANTARA,SILVIA CR     4,415.27                           432.36     4,847.63                4,847.63    27,650.00                                                13/02/2016

Empresa     CIA. MINERA AGREGADOS CALCAREOS S.A.     Ruc   :  20100037689
Direccion   AV UNIVERSITARIA 6330             Telefono  : 425-1595
---------------------------------------------------------------------------------------------------------------------------------------------------------------------------------------------------
REPORTE DE REMUNERACION ACUMULADA  2016


 No  Codigo   Nombre                         Remun          Util     Inc.Afp    Gratif.    Ing.Total     AFP 3%      Rem.Qta         7UIT     Remun.   Impuesto   Impuesto  Diferencia     F.Cese
                                                                                                                                              Afecta    Calcul.   Retenido
---------------------------------------------------------------------------------------------------------------------------------------------------------------------------------------------------
 91 E0403    AVALOS ASILLO,OSCAR TITO        32,322.92   4,326.86              4,617.82    41,267.60               41,267.60    27,650.00  13,617.60   1,089.41   2,378.83    -1,289.42  30/06/2016
 92 E0404    VILLEGAS GOMEZ,EDEN VICENTE     42,590.00   4,012.59              7,651.80    54,254.39               54,254.39    27,650.00  26,604.39   2,539.61   2,398.57       141.04  
 93 E0406    RAMOS CHAVEZ,LINDA GIULIANA      6,086.10   2,687.39                763.00     9,536.49                9,536.49    27,650.00                                                31/03/2016
 94 E0409    DIAZ PAZ,ELIA LUCIA              3,000.00                           272.50     3,272.50                3,272.50    27,650.00                                                31/01/2016
 95 E0410    GARCIA DE LA CRUZ,FELIX MART    22,437.50   2,980.69              4,097.89    29,516.08               29,516.08    27,650.00   1,866.08     149.29     266.52      -117.23  
 96 E0411    BARRANTES REY,JOSE GILBERTO      6,450.00                           781.17     7,231.17                7,231.17    27,650.00                            37.82       -37.82  29/02/2016
 97 E0412    MORENO ABAN,KELY KATHERINE      19,010.92   2,680.10              3,923.90    25,614.92               25,614.92    27,650.00                                                
 98 E0414    JIMENEZ CORONADO,VIOLETA AND    42,770.51   3,434.89              7,984.57    54,189.97               54,189.97    27,650.00  26,539.97   2,530.60   2,700.96      -170.36  
 99 E0417    ORTIZ ALVAREZ,JHONATAN AMERI    35,598.33   3,469.35              6,758.00    45,825.68               45,825.68    27,650.00  18,175.68   1,454.05   1,708.08      -254.03  
100 E0419    SONCCO LOZANO,ALBERT            20,875.00   3,201.98              3,202.50    27,279.48               27,279.48    27,650.00                           848.37      -848.37  30/06/2016
101 E0423    VASQUEZ ARENAS,EDWIN NAUN       19,619.34   2,795.06              3,601.87    26,016.27               26,016.27    27,650.00                                                23/12/2016
102 E0424    HERRERA VALVERDE,JULIO CESAR    13,743.75   2,579.07              1,948.19    18,271.01               18,271.01    27,650.00                           343.06      -343.06  31/05/2016
103 E0426    DIAZ TORO,ROSARIO ELENA         17,250.00   2,054.65              3,270.00    22,574.65               22,574.65    27,650.00                                                
104 E0428    CAPARO SOTELO,LENIN             22,000.00   1,871.76              4,360.00    28,231.76               28,231.76    27,650.00     581.76      46.54     206.47      -159.93  
105 E0429    HERRERA ZAPATA,JULIO CESAR      25,500.00   1,630.25              5,450.00    32,580.25               32,580.25    27,650.00   4,930.25     394.42     544.63      -150.21  
106 E0431    AYALA MARTINEZ,PEDRO BENJAMI    58,063.00   2,270.16             12,545.90    72,879.06               72,879.06    27,650.00  45,229.06   5,147.07   5,295.02      -147.95  
107 E0432    ZAPATA RUIZ,CINTHYA MARIANEL    19,323.00   1,348.37              3,836.80    24,508.17               24,508.17    27,650.00                                                
108 E0433    ROJAS MONTOYA,DAVID GREGORIO    39,783.33   1,504.99              7,630.00    48,918.32               48,918.32    27,650.00  21,268.32   1,792.56   2,049.34      -256.78  
109 E0434    GOÑE CASIMIRO,YORDAN YONEL      44,930.00   1,522.67              8,561.36    55,014.03               55,014.03    27,650.00  27,364.03   2,645.96   2,983.67      -337.71  
110 E0435    VILCAPOMA AIRE,ROLY             19,476.49   1,042.79              2,996.47    23,515.75               23,515.75    27,650.00                         1,343.62    -1,343.62  05/06/2016
111 E0436    BERNA BUJAICO,RICHAR            26,193.34     439.91              5,419.73    32,052.98               32,052.98    27,650.00   4,402.98     352.24     509.87      -157.63  
112 E0437    JUNCHAYA REYES,CRISTEL BEATR     4,161.67     228.42                534.10     4,924.19                4,924.19    27,650.00                                                02/04/2016
113 E0438    CASTRO MONDALGO,SHERLEY PIER    11,549.99                         1,925.67    13,475.66               13,475.66    27,650.00                                                30/06/2016
114 E0439    SUAREZ CARDENAS,LISBETH            900.00                                        900.00                  900.00    27,650.00                                                15/03/2016
115 E0440    MONTENEGRO CACEDA,CYNTHIA ME    16,170.00                         3,259.10    19,429.10               19,429.10    27,650.00                                                
116 E0441    CORDOVA ESPINOZA,GONZALO JAV   102,470.00                        20,299.40   122,769.40              122,769.40    27,650.00  95,119.40  12,615.30  13,313.26      -697.96  
117 E0442    LOPEZ RAMIREZ,ESTHEFANI LIZE    12,605.00                         2,092.80    14,697.80               14,697.80    27,650.00                                                30/09/2016
118 E0443    CASTRO INGAROCA,NESTOR SAUL     37,600.00                         9,192.33    46,792.33               46,792.33    27,650.00  19,142.33   1,531.39   2,613.09    -1,081.70  
119 E0444    ARROYO ROMERO,WILMER ANDRE       8,038.48                         1,323.70     9,362.18                9,362.18    27,650.00                                                16/09/2016
120 E0445    HERRERA UGARTE,MARIA MICAELA     9,380.00                         1,949.89    11,329.89               11,329.89    27,650.00                                                
121 E0446    GRADOS CARHUACUSMA,JOSE PABL     6,346.67                         1,050.03     7,396.70                7,396.70    27,650.00                                                24/09/2016
122 E0447    VERGARAY GONZALES,CHRISTIAN      2,270.18                           363.33     2,633.51                2,633.51    27,650.00                                                17/06/2016
123 E0448    BERTOLOTTI RIVERA,BRUNO JESU    96,600.00                       105,820.40   202,420.40              202,420.40    27,650.00 174,770.40  27,251.58  28,538.21    -1,286.63  
124 E0449    VELAZCO QUEVEDO,GISELA PATRI    34,883.33                         7,430.98    42,314.31               42,314.31    27,650.00  14,664.31   1,173.14   1,564.59      -391.45  
125 E0450    RAMIREZ CHUNGA,JULIO CESAR       5,000.00                         1,090.00     6,090.00                6,090.00    27,650.00                                                
126 E0451    SOLANO DIAZ,JAVIER MILTON       20,329.90                         4,318.54    24,648.44               24,648.44    27,650.00                            99.99       -99.99  
127 E0452    VIDAL GAMBINI,ROSSMERY LUCIL    16,183.05                         3,521.54    19,704.59               19,704.59    27,650.00                                                
128 E0453    HUILLCA MEJIA,JUDITH LIZETH      6,900.00                         1,671.33     8,571.33                8,571.33    27,650.00                                                
129 E0454    ESPINOZA JARA,JHORDAN            4,680.00                         1,152.90     5,832.90                5,832.90    27,650.00                                                
130 E0455    PANDURO RAMOS,CHRISTIAN JESU     6,500.00                         1,090.00     7,590.00                7,590.00    27,650.00                                                30/11/2016
131 E0456    COAQUIRA PARI,FREDY ALBERTO      9,533.33                         2,395.94    11,929.27               11,929.27    27,650.00                                                
132 E0457    CARDENAS ELIAS,HEYLIM HARUMI     6,720.00                         1,802.13     8,522.13                8,522.13    27,650.00                                                
133 E0458    BALBIN VILLANUEVA,WILSON         4,166.67                         1,195.97     5,362.64                5,362.64    27,650.00                                                
134 E0459    RODRIGUEZ MORILLAS,SERGIO AL     5,250.00                         1,568.39     6,818.39                6,818.39    27,650.00                         3,026.43    -3,026.43  
135 E0460    GALDOS REYES,GUILLERMO RAUL      2,900.00                         1,071.83     3,971.83                3,971.83    27,650.00                                                

Empresa     CIA. MINERA AGREGADOS CALCAREOS S.A.     Ruc   :  20100037689
Direccion   AV UNIVERSITARIA 6330             Telefono  : 425-1595
---------------------------------------------------------------------------------------------------------------------------------------------------------------------------------------------------
REPORTE DE REMUNERACION ACUMULADA  2016


 No  Codigo   Nombre                         Remun          Util     Inc.Afp    Gratif.    Ing.Total     AFP 3%      Rem.Qta         7UIT     Remun.   Impuesto   Impuesto  Diferencia     F.Cese
                                                                                                                                              Afecta    Calcul.   Retenido
---------------------------------------------------------------------------------------------------------------------------------------------------------------------------------------------------
                                          ---------------------------------------------------------------------------------------------------------------------------------------------------------
                                           7,929,189.84   592,371.83    24,486.19 1,591,508.13 10,137,555.99    -5,981.55 10,131,574.44  3,732,750.00  6,890,922.76  1,081,354.04 1,180,773.59    -99,419.55
