  RODA S.A.
                                Datos a Transferir a la SUNAT                                                                 Pag.   1

  --------------------------------------------------------------------------------------------------------------------------------------
  CODIGO             APELLIDOS Y NOMBRES                  DOC. IDENTIDAD      DT   REM. IES   REM. ONP  REM.ESSALUD REM. QTA      QTA.
  --------------------------------------------------------------------------------------------------------------------------------------
  RE021     BOHORQUEZ        REYES            JUAN            01 07375100        30        .00   7,849.00   7,849.00   7,826.49   1,037.66
  RE071     LEON             ALCANTARA        EDUARDO         01 08173282        30        .00   5,030.87   5,030.87   5,340.87     601.27
  RE089     PAJUELO          MATTA            CIRO            01 07562396        30        .00   3,204.31   3,204.31   3,204.31     233.64
  RE139     RUIZ             PANDURO          LLISIAN         01 07536447        30        .00   3,418.28   3,418.28   3,728.28     325.06
  RE151     SEDAMANO         RODRIGUEZ        LILIANA         01 06887764        30        .00  16,700.00  16,700.00  16,700.00   3,114.25
  RE160     MIRANDA          SALCEDO          JUAN            01 08154452        30        .00   4,592.50   4,592.50   4,592.50     475.13
  RE163     SERNA            DONAYRE          NATALIA         01 10194888        30        .00   2,844.22   2,844.22   2,844.22     171.01
  RE183     PEREZ            PEREZ            PILAR           01 40082244        30        .00   2,818.13   2,818.13   3,128.13     224.95
  RE246     CLEMENTE         POMACAJA         ALDRIN          01 09362753        30        .00   2,661.56   2,661.56   2,971.56     193.42
  RE285     IZAGUIRRE        CISNEROS         CRISTHIAN       01 42113963        29        .00   3,380.15   3,380.15   3,418.82        .00
  RE314     MEDINA           CONDORI          CLAUDIO         01 10046899        30        .00   1,878.75   1,878.75   1,878.75        .00
  RE316     LLACZA           CORTEZ           SARA            01 40253093        30        .00   2,296.25   2,296.25   2,296.25      75.68
  RE317     HUAYLLANI        MUNARRIZ         MARIANELA       01 40644799        29        .00   2,245.03   2,245.03   2,245.03      78.83
  RE318     CASTILLO         SEVERINO         ARACELI         01 40128008        30        .00   2,087.50   2,087.50   2,087.50      39.38
  RE321     VASQUEZ          GUERRERO         JAVIER          01 43192342        30        .00   2,713.75   2,713.75   2,833.75     169.32
  RE331     SANCHEZ          AMAYA            LARRY           01 42929743        30        .00   3,131.25   3,131.25   3,131.25     220.69
  RE332     QUISPE           HANCO            JUANA           01 40048305        30        .00   3,253.37   3,253.37   3,403.37     266.29
  RE337     PORRAS           AVILES           KELLY           01 40942338        30        .00   2,818.13   2,818.13   2,818.13     165.72
  RE350     OROSCO           VILLALOBOS       GIOVANA         01 40036514        29        .00   1,664.85   1,664.85   1,664.85        .00
  RE351     BARRANZUELA      LANDACAY         ANA             01 40120442        30        .00   2,478.91   2,478.91   2,478.91     107.46
  RE352     TAVARA           AGUILAR          GEORGE          01 42566361        30        .00   3,548.75   3,548.75   3,548.75     293.56
  RE353     BALBIN           QUIÑONES         MIRIAM          01 42748412        30        .00   2,512.83   2,512.83   2,512.83     113.36
  RE354     AVILA            ZANABRIA         BETSY           01 70425219        30        .00   2,505.00   2,505.00   2,505.00     111.75
  RE356     YUCRA            COLLANQUI        FANNY           01 09689672        30        .00   4,905.63   4,905.63   4,905.63     529.60
  RE359     DEL RIO          HUAMANI          BLANCA          01 42551338        16        .00   1,571.10   1,571.10   1,571.10        .00
  RE361     PAMPA            MAMANI           JUAN            01 80113239        30        .00   1,469.08   1,469.08   1,769.08        .00
  RE362     QUISPE           SOTO             JESSENIA        01 42959876        30        .00   2,296.25   2,296.25   2,296.25      75.68
  RE363     DIAZ             GUTIERREZ        LUIS            01 43920440        30        .00   2,191.87   2,191.87   2,391.87      92.40
  RE364     MALLMA           GRANADOS         EITEL           01 10381840        30        .00   5,818.91   5,818.91   5,818.91     688.46
  RE365     SANDOVAL         RONDON           YULI            01 40914944        30        .00   2,400.63   2,400.63   2,400.63      93.85
  RE366     DIAZ             VILLAR           GUISELLA        01 09524683        30        .00   6,784.37   6,784.37   6,784.37     856.41
  RE369     ESPINOZA         CHUNG            CESAR           01 41058012        30        .00   8,871.88   8,871.88   8,871.88   1,219.53
  RE371     TABOADA          ALVA             ROBERTO         01 08293918        30        .00   5,218.75   5,218.75   5,528.75        .00
  RE374     PALOMINO         LARA             BRUNO           01 41131760        30        .00   1,670.00   1,670.00   1,670.00        .00
  RE376     SAMBRANO         MAMANI           JOSE            01 43080191        12        .00     974.23     974.23     974.23        .00
  RE377     RENTERA          PRIMO            LAYDA           01 44213378        30        .00   2,087.50   2,087.50   2,087.50      39.38
  RE378     DIAZ             SANGAMA          FRANK           01 44976059        20        .00   2,296.25   2,296.25   2,296.25      75.68
  --------------------------------------------------------------------------------------------------------------------------------------
                                                                                        .00 134,189.84 134,189.84 136,526.00  11,689.42 
